55276.42 3.93726409215e-16 1.81317704793e-17 SDSS_u 
55278.5 3.93726409215e-16 7.2527081917e-18 SDSS_u 
55281.07 3.76005801721e-16 4.50208365857e-17 SDSS_u 
55282.52 3.4292136683e-16 9.47526714532e-18 SDSS_u 
55286.58 2.90532382873e-16 1.87313141909e-17 SDSS_u 
55286.7 2.87868765977e-16 5.56787534105e-17 SDSS_u 
55287.99 2.74912537255e-16 1.77242655687e-17 SDSS_u 
55288.85 2.60132458876e-16 4.79181678257e-18 SDSS_u 
55291.45 2.22430606526e-16 8.19464605003e-18 SDSS_u 
55293.48 1.97330649841e-16 4.54370594363e-17 SDSS_u 
55294.59 1.67183936195e-16 4.46548059519e-17 SDSS_u 
55296.46 1.51075675957e-16 5.56583336519e-18 SDSS_u 
55297.84 1.41642813948e-16 2.60915695004e-18 SDSS_u 
55301.8 8.61379528416e-17 3.1734393303e-18 SDSS_u 
55303.04 7.50230206384e-17 2.14206133651e-17 SDSS_u 
55310.13 4.39738556133e-17 9.31532571011e-18 SDSS_u 
55310.84 4.23832783207e-17 5.46510165108e-18 SDSS_u 
55318.39 1.70292117629e-17 4.70534490806e-18 SDSS_u 
55318.84 1.65651184655e-17 4.72968156943e-18 SDSS_u 
55319.09 1.59659419568e-17 5.8820701537e-18 SDSS_u 
55319.54 1.55308257135e-17 4.14828137375e-18 SDSS_u 
55321.88 1.31581413087e-17 1.93905528354e-18 SDSS_u 
55272.96 1.70763036131e-16 1.41550705998e-17 SDSS_g 
55276.42 2.05302325087e-16 5.67271265053e-18 SDSS_g 
55278.5 2.07201964113e-16 3.81680107629e-18 SDSS_g 
55279.31 2.09119180281e-16 3.85211750183e-18 SDSS_g 
55280.14 2.1497792558e-16 3.96003957417e-18 SDSS_g 
55282.52 2.09119180281e-16 3.85211750183e-18 SDSS_g 
55286.58 1.99707266764e-16 7.35748730945e-18 SDSS_g 
55287.99 1.94264689312e-16 2.32601699013e-17 SDSS_g 
55288.85 1.92483659935e-16 7.0913598098e-18 SDSS_g 
55291.45 1.83820468169e-16 1.69304901079e-18 SDSS_g 
55293.48 1.7234308705e-16 3.17467685676e-18 SDSS_g 
55295.53 1.61582330575e-16 8.9293692155e-18 SDSS_g 
55296.46 1.60100934863e-16 2.94916808882e-18 SDSS_g 
55297.84 1.55737739913e-16 1.43439753543e-18 SDSS_g 
55298.48 1.46013787987e-16 1.34483663204e-18 SDSS_g 
55301.8 1.27172692968e-16 3.51391122285e-18 SDSS_g 
55308.38 8.71753837557e-17 1.60582984804e-18 SDSS_g 
55310.4 7.95048949102e-17 2.4164814755e-17 SDSS_g 
55310.84 7.87759896524e-17 3.62776824268e-18 SDSS_g 
55313.42 6.08686777761e-17 3.92434852368e-18 SDSS_g 
55313.44 6.08686777761e-17 4.48496974135e-18 SDSS_g 
55318.39 4.40954590232e-17 1.21840251018e-18 SDSS_g 
55320.43 3.77045592001e-17 1.38908723913e-18 SDSS_g 
55322.03 3.40717050781e-17 8.47292368003e-18 SDSS_g 
55322.88 3.16514687579e-17 8.74562366278e-19 SDSS_g 
55323.48 2.99497959505e-17 8.27543410904e-19 SDSS_g 
55324.38 2.91335808635e-17 1.07332074068e-18 SDSS_g 
55325.11 2.68159920295e-17 1.97587523223e-18 SDSS_g 
55328.95 2.1497792558e-17 7.92007914835e-19 SDSS_g 
55331.5 1.73937758001e-17 1.44182330102e-18 SDSS_g 
55331.88 1.7234308705e-17 1.11113689987e-18 SDSS_g 
55335.02 1.21448978929e-17 8.94869110869e-19 SDSS_g 
55336.4 1.19232285245e-17 6.5890193165e-19 SDSS_g 
55342.39 8.47996125301e-18 2.34309978981e-18 SDSS_g 
55347.42 4.87970837205e-18 5.39325278489e-19 SDSS_g 
55355.43 1.87237945825e-18 4.82867039745e-19 SDSS_g 
55360.97 1.34398328622e-18 3.71356290613e-19 SDSS_g 
55361.42 1.29537009853e-18 5.8460915263e-19 SDSS_g 
55268.99 9.89148908677e-17 2.73311932786e-18 SDSS_r 
55276.42 1.09461570824e-16 5.0408914211e-18 SDSS_r 
55276.61 1.10474406268e-16 2.03501368606e-18 SDSS_r 
55277.77 1.1356949017e-16 5.23006809045e-18 SDSS_r 
55278.5 1.15680904633e-16 2.13092092635e-18 SDSS_r 
55279.31 1.15680904633e-16 2.13092092635e-18 SDSS_r 
55280.14 1.15680904633e-16 2.13092092635e-18 SDSS_r 
55282.52 1.1356949017e-16 3.13804085427e-18 SDSS_r 
55286.58 1.10474406268e-16 5.08753421515e-18 SDSS_r 
55287.99 1.07463671996e-16 9.89776956731e-18 SDSS_r 
55291.45 1.03576606055e-16 1.90795151562e-18 SDSS_r 
55293.48 9.98301390842e-17 3.67787809285e-18 SDSS_r 
55296.46 9.44629874258e-17 6.96028985286e-18 SDSS_r 
55297.84 9.53370426869e-17 8.78086577741e-19 SDSS_r 
55298.48 9.27388435968e-17 8.54156280733e-19 SDSS_r 
55301.8 8.77529401134e-17 1.61646882889e-18 SDSS_r 
55308.38 7.03496070867e-17 1.9438314004e-18 SDSS_r 
55308.58 6.97046380121e-17 3.21001707834e-18 SDSS_r 
55310.4 6.78049931107e-17 1.74861971269e-17 SDSS_r 
55310.84 6.65674125129e-17 2.45243400866e-18 SDSS_r 
55313.44 6.12719463402e-17 2.82167729127e-18 SDSS_r 
55318.39 4.82238273935e-17 8.8831569279e-19 SDSS_r 
55320.43 4.31779159081e-17 1.59073314402e-18 SDSS_r 
55322.03 4.04819734936e-17 2.98282191798e-18 SDSS_r 
55322.88 3.90177009867e-17 1.43746516843e-18 SDSS_r 
55323.48 3.83055476851e-17 1.0584213542e-18 SDSS_r 
55324.38 3.72616151659e-17 1.02957643388e-18 SDSS_r 
55325.11 3.55845662267e-17 1.6387297685e-18 SDSS_r 
55328.95 3.04271780729e-17 5.60489310583e-19 SDSS_r 
55331.5 2.6258001946e-17 3.385831759e-18 SDSS_r 
55331.88 2.6258001946e-17 7.25535376929e-19 SDSS_r 
55335.02 1.97361154138e-17 1.45421066592e-18 SDSS_r 
55336.4 1.90222408494e-17 1.05120783471e-18 SDSS_r 
55342.39 1.49713745711e-17 3.03361190147e-18 SDSS_r 
55347.42 1.14620335724e-17 6.3341535776e-19 SDSS_r 
55355.43 7.03496070867e-18 5.83149420121e-19 SDSS_r 
55355.98 6.65674125129e-18 7.97041052813e-19 SDSS_r 
55360.97 5.38594204831e-18 9.92127149704e-19 SDSS_r 
55361.42 5.28763752715e-18 5.84411273062e-19 SDSS_r 
55363.98 4.9120375282e-18 7.2386457164e-19 SDSS_r 
55376.88 2.93265973336e-18 5.6722665822e-19 SDSS_r 
55267.95 5.09473942733e-17 2.34621411686e-18 SDSS_i 
55276.42 6.06906762579e-17 5.58981763165e-18 SDSS_i 
55276.61 6.06906762579e-17 1.11796352633e-18 SDSS_i 
55278.5 6.35509397101e-17 1.1706515241e-18 SDSS_i 
55279.31 6.23910043374e-17 2.87321181445e-18 SDSS_i 
55280.14 6.29683011928e-17 1.73987838962e-18 SDSS_i 
55282.52 6.59359058012e-17 1.82187633191e-18 SDSS_i 
55286.58 6.29683011928e-17 2.31983785283e-18 SDSS_i 
55287.99 6.12522401712e-17 7.3340014506e-18 SDSS_i 
55291.45 6.35509397101e-17 1.1706515241e-18 SDSS_i 
55293.48 5.95829465767e-17 1.64633758852e-18 SDSS_i 
55296.46 5.48430976603e-17 8.08197721767e-18 SDSS_i 
55297.84 5.43402931187e-17 1.50147772597e-18 SDSS_i 
55298.48 5.38420983168e-17 3.47132822268e-18 SDSS_i 
55301.8 5.09473942733e-17 1.87697129348e-18 SDSS_i 
55305.88 4.68945072408e-17 8.6382871164e-19 SDSS_i 
55308.38 4.43733254152e-17 1.22608024201e-18 SDSS_i 
55310.88 4.19876894812e-17 3.09376716749e-18 SDSS_i 
55313.44 3.69081244837e-17 3.39936375257e-18 SDSS_i 
55318.39 3.33520072658e-17 9.21549979801e-19 SDSS_i 
55318.84 3.27432645288e-17 5.42837878236e-18 SDSS_i 
55320.43 2.95884337594e-17 1.36259767496e-18 SDSS_i 
55321.94 2.77409913372e-17 1.02201584861e-18 SDSS_i 
55323.02 2.72346611826e-17 3.51176684988e-18 SDSS_i 
55323.48 2.67375725949e-17 9.85048537495e-19 SDSS_i 
55324.38 2.60088995122e-17 2.63505888287e-18 SDSS_i 
55326.09 2.46105872447e-17 6.8001562837e-19 SDSS_i 
55330.9 2.08507641918e-17 5.76127882399e-19 SDSS_i 
55331.5 1.99123252161e-17 2.75098928146e-18 SDSS_i 
55334.09 1.81602564338e-17 8.36310681214e-19 SDSS_i 
55336.4 1.70263664684e-17 1.09773036897e-18 SDSS_i 
55342.39 1.34005300428e-17 1.48108125449e-18 SDSS_i 
55347.42 8.69204521353e-18 5.60396841984e-19 SDSS_i 
55348.95 8.37764545145e-18 1.23457540812e-18 SDSS_i 
55352.47 6.84103758915e-18 1.19715736083e-18 SDSS_i 
55355.43 5.79591458669e-18 6.40588127453e-19 SDSS_i 
55355.98 5.79591458669e-18 8.5411750327e-19 SDSS_i 
55360.97 4.60385860226e-18 5.51240339503e-19 SDSS_i 
55361.42 4.51982871272e-18 1.20724561639e-18 SDSS_i 
55376.88 2.16332603405e-18 6.57523954048e-19 SDSS_i 
55276.42 4.07281234413e-17 6.75215756021e-18 SDSS_z 
55278.5 4.14853157889e-17 1.52837545369e-18 SDSS_z 
55280.14 4.07281234413e-17 2.62583905119e-18 SDSS_z 
55282.52 3.99847514115e-17 1.47309262126e-18 SDSS_z 
55286.58 3.8895055929e-17 2.50765682597e-18 SDSS_z 
55287.99 3.96181690071e-17 6.20324571446e-18 SDSS_z 
55291.45 3.99847514115e-17 1.84136577658e-18 SDSS_z 
55293.48 3.74881837798e-17 1.03583675578e-18 SDSS_z 
55296.46 3.58009375731e-17 4.28660449578e-18 SDSS_z 
55297.84 3.58009375731e-17 1.31895522947e-18 SDSS_z 
55298.48 3.48252626329e-17 1.28301003775e-18 SDSS_z 
55301.8 3.45059827059e-17 1.58905916378e-18 SDSS_z 
55305.88 3.08954411156e-17 1.70734510275e-18 SDSS_z 
55308.38 2.7662689391e-17 1.78347942224e-18 SDSS_z 
55310.4 2.66621029065e-17 3.68350549326e-18 SDSS_z 
55310.88 2.61754646851e-17 3.1341040823e-18 SDSS_z 
55313.44 2.43161268508e-17 2.68751754935e-18 SDSS_z 
55318.39 2.21765712591e-17 1.42977632931e-18 SDSS_z 
55318.84 2.19732552317e-17 5.86905339612e-18 SDSS_z 
55320.43 2.0984295837e-17 2.12599749251e-18 SDSS_z 
55321.94 2.0225273368e-17 1.4902531545e-18 SDSS_z 
55322.94 1.96740785189e-17 1.08722971407e-18 SDSS_z 
55323.48 1.93149861167e-17 2.84636142768e-18 SDSS_z 
55324.38 1.89624478895e-17 2.61975888442e-18 SDSS_z 
55326.09 1.74539770393e-17 1.12529944019e-18 SDSS_z 
55328.95 1.49243147738e-17 9.62206093334e-19 SDSS_z 
55331.01 1.33627055984e-17 6.15375309406e-19 SDSS_z 
55335.02 1.14260047513e-17 6.31424331605e-19 SDSS_z 
55336.4 1.09117498253e-17 1.80901666595e-18 SDSS_z 
55342.39 8.74771046813e-18 1.85309591556e-18 SDSS_z 
55347.42 7.01284758717e-18 1.87313060873e-18 SDSS_z 
55355.43 4.03547257611e-18 1.52389105395e-18 SDSS_z 
55361.42 2.89663917772e-18 1.04048223568e-18 SDSS_z 
